start=0.000000
speed=2.000000
panscan=0.600000
sub-pos=102.000000
sub-ass-override=force
