start=1683.633000
speed=2.043589
