start=624.333000
speed=2.250000
