start=133.333000
speed=2.000000
