start=8.967000
speed=2.200000
volume=120.000000
