start=5.300000
speed=2.000000
