start=1141.167000
speed=2.000000
