start=722.033000
speed=2.000000
panscan=0.500000
sub-pos=90.000000
sub-visibility=no
video-zoom=-0.500000
