start=788.700000
speed=2.000000
