start=21.021000
volume=76.000000
