start=768.467000
speed=2.000000
volume=95.000000
sub-visibility=no
