start=0.267000
speed=2.000000
