start=1100.000000
speed=2.000000
volume=102.000000
af=lavfi=graph=%37%dynaudnorm=g=3:f=250:r=0.9:p=0.9:m=10,lavfi=graph=%26%loudnorm=I=-14:TP=-3:LRA=4
