start=1333.567000
speed=2.000000
sub-visibility=no
