start=136.301808
speed=1.050000
volume=56.000000
