start=494.400000
speed=2.000000
