start=0.533000
speed=2.000000
